
# Commit Pulse Log - Do not delete
PULSE_SEQUENCE_1233893951_DATE_2026-03-02T15:06:11.726605
PULSE_SEQUENCE_3508164923_DATE_2026-03-02T21:12:27.726605
PULSE_SEQUENCE_4203159660_DATE_2026-03-02T18:53:06.726605
PULSE_SEQUENCE_1656081716_DATE_2026-03-04T13:03:59.726605
PULSE_SEQUENCE_987145269_DATE_2026-03-06T12:57:42.726605
PULSE_SEQUENCE_589361903_DATE_2026-03-06T13:56:21.726605
PULSE_SEQUENCE_1973577194_DATE_2026-03-07T10:04:16.726605
PULSE_SEQUENCE_1850986346_DATE_2026-03-07T17:04:44.726605
PULSE_SEQUENCE_1008747392_DATE_2026-03-08T11:08:04.726605
PULSE_SEQUENCE_826899589_DATE_2026-03-09T16:59:33.726605
PULSE_SEQUENCE_1571943446_DATE_2026-03-10T10:52:19.726605
PULSE_SEQUENCE_2996169531_DATE_2026-03-10T10:44:24.726605
PULSE_SEQUENCE_515337725_DATE_2026-03-17T20:48:54.726605
