
# Commit Pulse Log - Do not delete
PULSE_SEQUENCE_1233893951_DATE_2026-03-02T15:06:11.726605
PULSE_SEQUENCE_3508164923_DATE_2026-03-02T21:12:27.726605
PULSE_SEQUENCE_4203159660_DATE_2026-03-02T18:53:06.726605
PULSE_SEQUENCE_1656081716_DATE_2026-03-04T13:03:59.726605
PULSE_SEQUENCE_987145269_DATE_2026-03-06T12:57:42.726605
PULSE_SEQUENCE_589361903_DATE_2026-03-06T13:56:21.726605
PULSE_SEQUENCE_1973577194_DATE_2026-03-07T10:04:16.726605
PULSE_SEQUENCE_1850986346_DATE_2026-03-07T17:04:44.726605
PULSE_SEQUENCE_1008747392_DATE_2026-03-08T11:08:04.726605
PULSE_SEQUENCE_826899589_DATE_2026-03-09T16:59:33.726605
PULSE_SEQUENCE_1571943446_DATE_2026-03-10T10:52:19.726605
PULSE_SEQUENCE_2996169531_DATE_2026-03-10T10:44:24.726605
PULSE_SEQUENCE_515337725_DATE_2026-03-17T20:48:54.726605
PULSE_SEQUENCE_2166562997_DATE_2026-03-17T14:17:45.726605
PULSE_SEQUENCE_3226715000_DATE_2026-03-17T20:22:31.726605
PULSE_SEQUENCE_1484952888_DATE_2026-03-18T15:19:59.726605
PULSE_SEQUENCE_452900480_DATE_2026-03-19T15:14:20.726605
PULSE_SEQUENCE_4071333364_DATE_2026-03-19T15:32:30.726605
PULSE_SEQUENCE_4294259310_DATE_2026-03-20T18:00:47.726605
PULSE_SEQUENCE_3936418727_DATE_2026-03-21T19:02:32.726605
PULSE_SEQUENCE_1181185661_DATE_2026-03-21T10:12:59.726605
PULSE_SEQUENCE_4029454021_DATE_2026-03-22T20:04:46.726605
PULSE_SEQUENCE_2304717780_DATE_2026-03-22T20:13:00.726605
PULSE_SEQUENCE_2217677417_DATE_2026-03-23T09:06:51.726605
PULSE_SEQUENCE_3716504304_DATE_2026-03-23T14:41:18.726605
PULSE_SEQUENCE_1486011323_DATE_2026-03-24T20:18:02.726605
PULSE_SEQUENCE_4211945379_DATE_2026-03-24T12:07:30.726605
PULSE_SEQUENCE_228094918_DATE_2026-03-24T10:17:38.726605
PULSE_SEQUENCE_598693717_DATE_2026-03-25T09:11:49.726605
PULSE_SEQUENCE_865122017_DATE_2026-03-27T16:53:05.726605
PULSE_SEQUENCE_3767887718_DATE_2026-03-27T18:44:46.726605
PULSE_SEQUENCE_3225636416_DATE_2026-03-29T20:32:44.726605
PULSE_SEQUENCE_3727376758_DATE_2026-03-29T15:59:12.726605
PULSE_SEQUENCE_3522939892_DATE_2026-03-29T10:12:46.726605
PULSE_SEQUENCE_3481632184_DATE_2026-03-31T12:51:49.726605
PULSE_SEQUENCE_3625653843_DATE_2026-03-31T17:06:07.726605
PULSE_SEQUENCE_3496798670_DATE_2026-04-01T14:56:38.726605
PULSE_SEQUENCE_3110399071_DATE_2026-04-01T18:57:08.726605
PULSE_SEQUENCE_430509529_DATE_2026-04-01T21:10:08.726605
