
# Commit Pulse Log - Do not delete
PULSE_SEQUENCE_1233893951_DATE_2026-03-02T15:06:11.726605
PULSE_SEQUENCE_3508164923_DATE_2026-03-02T21:12:27.726605
PULSE_SEQUENCE_4203159660_DATE_2026-03-02T18:53:06.726605
PULSE_SEQUENCE_1656081716_DATE_2026-03-04T13:03:59.726605
